 1 3 4 5 11 14 17 23 31 33 38 48 51 55 56 59 65 67 70 74 76 77 79 80 81 86 88 93 102
 0 2 6 8 10 11 13 16 18 20 22 24 27 32 34 48 49 50 55 59 60 63 66 68 73 74 77 79 80 81 85 87 91 95 96 102
 4 5 10 14 16 20 21 28 29 31 38 48 51 54 61 63 65 67 69 77 78 84 95
 1 3 4 5 8 10 12 14 17 20 22 26 28 30 32 34 55 65 66 76 77 78 79 80
 1 3 4 5 10 14 16 18 20 26 31 42 51 63 65 67 69 77 78 93
 1 4 6 13 15 18 19 22 30 32 34 43 51 54 56 59 60 63 68 70 72 74 75 77 78 79 80 87 89
 2 6 13 27 32 34 43 51 55 56 59 64 66 68 74 77 79 80 83 85 94 95 102
 0 2 4 6 8 13 18 20 22 26 27 30 32 34 36 45 51 55 60 64 66 68 70 74 75 77 79 87 91 95 100
 6 8 10 16 18 20 22 24 26 32 34 35 46 55 61 71 73 76 77 78 79 82 84
 4 8 11 19 25 32 33 35 45 51 52 55 64 72 74 77 78 79 84 87 90 93
 0 2 6 8 16 18 20 22 26 27 30 32 34 36 37 48 49 51 55 64 66 68 77 79 84
 1 3 4 5 8 10 14 16 20 22 23 26 28 30 34 40 47 57 58 59 61 63 65 69 70 74 76 77 79 80 84 88 99
 2 4 6 7 9 13 15 18 19 22 24 30 32 34 36 45 52 55 60 66 68 70 72 74 75 77 78 79 81 83 85 87 95 98
 1 4 5 8 10 11 14 16 20 22 23 26 31 38 41 54 56 63 65 67 69 74 77 78 84 88 90 93
 5 7 9 17 19 21 23 31 35 40 47 50 54 58 59 60 72 74 77 80 92 93 99
 1 4 5 9 14 15 17 21 23 25 30 31 33 44 51 60 63 65 70 72 74 75 78 84 93
 4 11 18 27 29 35 38 43 49 54 60 66 68 74 77 79 80 93 94
 4 6 8 18 20 22 24 30 32 34 36 49 51 52 53 55 71 76 77 79 84 98
 8 11 20 23 26 27 29 35 36 37 43 45 46 48 49 51 52 53 55 70 74 77 78 79 84 87 88 96 100 101
 1 4 8 11 21 23 27 31 33 44 48 54 60 62 68 70 74 75 77 78 79 84 87 93 94 95 96
 1 3 4 5 14 17 23 28 31 36 41 51 55 63 65 67 69 70 77 78 79 84 87 98
 1 2 7 9 11 13 15 19 23 25 30 43 48 49 51 54 59 68 72 76 77 79 80 81 83 94
 1 3 4 5 8 10 14 17 20 28 41 46 48 55 61 63 65 67 69 71 73 76 77 78 84
 1 2 4 7 9 13 15 23 25 27 30 32 42 54 56 60 64 68 70 72 78 81 83
 0 4 6 8 10 11 14 16 18 20 22 26 27 32 34 38 39 46 51 54 65 73 74 77 78 84 87
 1 2 4 6 13 18 22 26 27 32 34 36 45 48 51 52 55 60 63 64 68 77 78 79 80 81 87 91 95 96 98
 1 3 4 5 7 11 14 15 17 19 21 23 25 30 31 33 38 43 44 49 60 69 72 74 77 78 79 80 93
 1 4 5 9 13 15 19 22 23 30 32 34 40 50 58 59 70 72 74 77 79 80 81 85 87 99
 1 3 4 7 9 15 17 19 21 23 25 30 31 33 49 56 63 67 70 74 77 78 80 81 86 88
 1 2 9 15 18 25 30 32 40 59 63 64 66 68 72 74 77 78 79 80 81
 0 6 8 10 16 18 20 22 24 26 32 34 37 40 45 55 57 58 61 64 66 68 71 73 76 77 79 80 82 91 92 99
 1 3 4 7 9 12 14 17 19 28 30 35 48 49 51 55 61 64 67 69 77 78 79 84 97
 1 4 9 11 21 23 25 27 33 51 54 56 60 68 70 72 77 78 87 93 94 95 96
 1 3 5 7 14 15 17 19 22 23 28 30 31 39 41 46 51 55 63 67 72 74 78 81 84 88
 1 5 7 9 13 15 19 25 42 56 60 62 64 68 72 78 80
 1 8 14 16 20 22 30 31 34 40 47 54 58 59 65 68 77 80 82 92
 1 3 4 12 14 16 20 26 48 51 52 55 63 77 79 84 87
 1 2 4 6 8 12 14 18 20 22 30 32 34 35 45 49 52 55 60 64 68 70 72 74 75 77 79 85 87 102
 1 4 11 15 21 23 25 27 30 33 43 48 54 55 60 62 68 72 74 77 79 84
 1 4 15 17 19 23 25 30 36 43 48 49 51 55 60 66 70 72 77 78 80 84 96 98
 4 8 10 14 16 20 22 26 32 34 45 46 55 65 70 73 77 78 84 86 89
 1 4 5 8 10 14 20 23 28 32 34 55 63 66 68 70 72 77 78 84
 1 4 5 11 14 21 23 31 33 43 46 55 56 74 76 77 78
 4 7 9 11 15 23 30 43 46 49 51 55 56 60 63 74 75 77 78 87
 15 30 32 36 49 51 52 55 62 68 72 77 78 79 98
 1 2 4 7 9 11 13 15 19 23 25 30 38 51 52 54 60 64 66 68 70 72 75 77 79 83 87
 1 6 8 14 22 28 45 48 51 52 55 61 63 64 71 73 74 76 77 79
 1 4 5 10 11 14 20 21 23 31 33 36 38 44 45 49 51 55 56 65 74 77 78 80 87 90 93 96 102
 1 2 4 11 14 20 21 25 27 33 44 51 52 55 60 67 72 74 77 78 79 81 84 90
 6 8 11 18 27 30 35 36 38 45 51 53 55 63 66 68 72 74 77 79 81 84 87 93 98
 1 2 4 6 7 9 13 15 19 22 23 25 30 32 34 36 38 49 51 53 55 60 68 70 72 77 78 79 81 86 87 98
 1 4 6 7 9 19 22 25 30 32 34 43 48 49 52 55 60 63 64 68 72 77 78 79 83 85
 1 5 17 21 23 25 27 36 49 51 52 55 60 65 70 74 75 77 78 79 80 85 87 88 98
 2 6 12 13 18 22 24 32 34 40 50 58 59 63 64 66 68 72 74 77 79 80 86 87 99
 1 4 5 8 10 14 16 17 20 26 28 29 31 43 48 55 56 61 63 65 67 69 71 73 74 76 77 78 81 93
 9 11 15 22 27 34 35 40 45 52 55 58 59 60 62 66 68 72 74 77 79 80 87 89 92 95 97
 1 2 4 6 7 9 13 15 23 25 27 30 32 36 45 48 55 59 60 64 66 68 72 74 77 79 80 81 83 85 94 98
 1 8 16 20 22 26 32 34 40 50 59 74 77 80 84 87 88 99
 1 3 5 10 14 16 17 20 22 23 26 28 30 34 38 45 51 55 61 63 71 76 78 84
 1 4 5 10 11 16 17 21 23 26 29 31 33 38 56 67 70 73 74 75 77 78 82 84 87 102
 1 3 8 10 12 14 16 20 22 24 26 28 34 47 54 61 63 65 67 69 71 76 77 80 84 96
 1 12 15 19 22 23 30 34 35 36 48 51 52 53 55 67 72 77 79 87 98
 1 3 4 5 11 14 23 25 31 33 42 48 54 63 65 67 69 72 78 82 84 88 90 93
 6 8 10 11 16 20 26 27 29 52 55 60 65 70 73 77 79 84 93
 2 6 9 15 18 22 23 25 27 30 32 34 45 48 51 52 55 59 64 68 78 79 80 83 100
 0 2 6 8 10 11 13 16 18 20 22 24 26 27 29 32 34 35 49 51 55 59 66 74 76 79 80 85 93 97
 0 3 6 8 10 16 18 20 22 24 26 32 34 35 40 47 54 58 59 66 73 76 77 79 80 82 84 93 95 97
 1 4 14 20 22 30 32 34 36 45 46 51 52 53 55 56 61 68 74 77 78 79 84 93 101
 0 4 6 8 10 16 18 20 22 24 26 27 32 34 48 49 51 53 55 64 66 68 77 79 81 87 91 102
 0 6 8 10 13 16 18 20 22 26 27 29 32 34 36 37 45 51 55 65 73 74 77 79 82 84 89 91 100 102
 8 10 16 20 22 32 34 36 45 51 52 55 61 66 74 76 77 79 84 98 102
 1 3 7 14 17 19 22 34 35 46 51 52 55 72 74 77 78 84
 1 12 30 34 35 43 49 51 54 59 60 64 66 68 70 72 74 77 79 80 83 85 94
 1 3 4 5 14 16 17 21 23 31 33 49 51 55 61 65 67 69 72 77 78 82 84 88 93
 1 4 14 15 23 25 30 32 35 36 43 45 51 52 53 55 63 66 74 77 78 79 81 84 87 97 101
 1 4 7 15 19 23 25 30 34 43 48 51 52 55 64 72 77 78 79 81 94
 1 2 4 7 9 13 15 19 22 23 25 27 30 46 55 60 63 64 66 68 70 72 74 77 78 81 83 85 87
 1 4 5 7 11 14 17 23 31 39 46 51 55 61 63 69 72 76 77 78 84
 1 4 5 7 9 11 14 15 17 19 23 25 27 30 31 33 48 55 59 60 63 65 67 70 72 74 75 77 78 79 80 81 86 87 89 102
 1 3 4 5 8 10 14 16 20 22 26 29 34 36 39 51 55 60 63 65 67 69 70 73 78 79 82 84 93
 2 9 13 15 18 23 25 30 32 34 44 48 50 55 59 60 66 68 74 77 79 80 83 86 93 94 95
 2 4 13 23 27 30 32 48 49 51 55 60 68 70 72 74 77 78 81
 1 4 5 8 11 15 21 23 25 31 33 51 55 70 72 77 78 82 84 85 95 96
 0 2 6 8 10 11 13 18 20 22 27 32 44 49 55 57 59 60 66 68 74 77 80 83 85 91 92
 4 6 8 18 20 22 27 30 32 34 35 36 45 48 49 51 55 59 63 64 68 72 77 78 80 87 100
 1 4 10 11 16 20 21 27 29 33 36 38 43 45 47 48 49 52 54 55 56 59 60 65 68 70 74 77 78 79 80 82 84 87 93 94 95 98
 1 2 6 7 9 15 18 19 25 30 32 43 48 51 52 55 62 64 68 72 77 79
 0 2 6 8 10 13 18 20 22 26 27 32 34 48 50 55 56 63 66 68 73 74 77 78 84 95
 1 4 7 12 15 19 22 23 30 32 34 51 52 61 63 64 66 68 72 74 77 79 81 86
 1 2 4 6 9 13 18 20 24 25 27 30 32 35 36 45 49 51 53 55 60 62 68 72 74 75 77 78 79 81 84 86 87 98 101
 10 12 14 22 26 32 34 40 55 63 65 73 74 77 79 80 85 92 99
 1 10 14 17 22 23 28 32 34 35 43 52 55 59 63 65 69 70 74 77 79 84 87 90 97
 1 4 5 11 14 17 20 21 23 28 31 33 38 53 55 60 63 65 69 70 74 77 78 93
 2 6 18 22 32 35 37 48 51 52 53 54 61 71 76 77 79 80 84 92
 1 3 4 5 7 9 15 17 19 21 23 25 30 33 44 49 51 52 55 60 63 67 70 72 75 77 78 79 80 81 87 93 94 96
 7 12 15 17 36 45 48 49 51 53 60 63 69 77 79 84 90
 1 2 4 15 18 30 43 60 66 68 72 74 77 80 83 85
 1 4 6 15 20 25 30 32 34 36 41 45 51 52 55 79 84 86 102
 6 8 10 18 20 26 30 32 34 36 45 49 51 52 55 68 71 73 76 79 84 98
 1 4 7 12 14 30 34 46 55 61 63 64 71 77 78
 1 2 4 7 9 11 13 15 21 23 46 48 55 60 64 68 70 72 74 78 83 85
 2 5 8 10 11 20 22 23 34 36 48 49 51 52 55 60 63 70 74 75 77 78 79 84 98
 2 4 8 12 13 18 20 22 26 27 34 36 45 49 52 55 63 64 68 70 75 77 79 84 89 101
 1 7 9 12 19 22 27 30 32 34 35 43 45 48 49 51 55 59 60 64 70 74 77 80 92
 4 8 10 16 20 22 26 29 32 34 35 45 49 51 53 55 60 62 70 73 74 75 78 79 84 87 97 100 101
 1 3 4 14 17 23 25 31 33 49 51 55 63 65 67 69 72 74 77 78 79 84 93
 0 6 8 10 16 18 20 22 26 27 32 34 45 49 51 53 55 73 74 77 79 84 87 91 93 95 100
 0 4 22 27 32 34 48 51 55 59 60 68 74 77 80 87 95
 1 4 12 15 22 30 32 34 45 51 52 55 64 71 72 74 77 78 79 84 89
 3 8 10 14 20 24 28 30 34 39 49 51 53 55 61 69 71 76 77 78 79 84
 1 3 8 10 14 16 17 20 22 26 28 35 46 48 50 51 55 61 63 65 67 69 71 73 76 77 78 79 84 92 96 97
 1 4 7 11 13 17 19 23 27 42 49 51 55 56 60 65 70 75 78 79 85 89
 2 27 29 35 49 51 55 60 64 66 68 70 74 75 77 78 79 95 102
 1 7 9 30 35 45 48 51 52 55 63 71 76 77 79 84 97
 1 11 14 16 17 22 28 34 51 55 59 61 63 67 69 77 78 84
 0 6 8 11 18 22 24 27 32 34 45 49 51 55 63 64 66 68 71 76 79 84 91 95 100
 1 4 7 9 15 17 19 23 25 43 45 49 51 52 53 54 60 68 72 74 77 79 80 85 89 101
 0 8 10 13 18 22 26 27 32 34 40 47 50 57 58 59 62 66 68 74 77 79 80 87 99
 1 2 4 6 7 9 14 19 32 36 39 51 55 56 63 68 77 78 79
 4 8 11 20 22 27 32 34 36 38 39 41 45 48 51 54 56 60 63 67 68 74 77 78 79 84 87 98 101
 1 4 5 11 14 15 17 20 21 23 25 27 31 33 38 44 54 60 65 72 78 84 86 87
 1 3 4 5 10 11 14 16 20 26 29 31 33 41 48 54 56 65 67 69 74 77 78 79 93
 1 4 12 15 22 25 28 30 34 36 45 48 51 52 55 60 63 65 67 70 72 75 77 79 84 100
 3 6 8 10 14 16 22 24 29 32 34 35 40 45 48 51 53 54 56 73 77 79 82 84 89 96 97
 1 4 5 8 10 20 26 35 45 51 52 55 61 74 77 78 84 97
 2 7 9 13 15 18 19 22 23 25 27 30 32 48 50 55 59 60 64 66 68 72 77 79 80 83 85
 1 3 5 11 14 16 17 23 29 51 55 56 63 67 73 77 84
 1 3 4 8 10 11 16 20 23 29 31 38 39 43 44 51 54 56 62 74 76 77 78 84 93
 1 3 5 10 14 16 17 23 26 28 29 31 42 56 61 63 65 67 69 74 77 78 84 88
 1 4 5 7 15 30 32 42 51 56 64 68 72 77 78
 1 3 4 5 7 14 15 19 21 23 28 30 31 33 39 48 51 55 56 61 63 65 67 69 72 74 77 78 81 93 102
 9 13 15 19 22 27 30 32 34 36 40 45 49 51 52 55 59 64 66 68 74 77 79 80 81 83 86 91 95 96
 6 8 10 13 16 18 20 22 24 26 27 32 34 40 47 50 55 57 61 63 64 66 68 77 79 80 99
 1 4 5 14 15 20 21 23 30 31 62 70 74 78 84 90
 1 3 4 5 7 11 14 17 19 21 23 25 33 56 63 65 69 70 72 75 78
 1 4 5 7 9 11 15 19 21 23 25 30 31 33 44 48 63 67 70 72 74 75 77 78 81 87 94 96
 1 2 4 6 7 9 12 13 15 18 22 30 32 34 48 54 60 64 66 68 72 74 77 78 79 83 85 87 95
 1 4 5 8 11 16 20 21 23 29 31 33 38 43 46 48 49 51 55 60 63 65 67 69 70 74 77 78 88 93 94 96 102
 1 3 22 28 30 34 43 45 53 55 63 71 74 76 77 79 80 87 100
 1 4 5 7 12 14 17 22 23 30 42 51 52 61 63 67 72 74 77 78 81 84
 1 4 9 11 15 19 27 30 43 48 54 56 58 60 66 68 71 72 74 76 77 79 80 83 95 96
 4 15 30 45 49 53 55 56 60 64 68 77 79 83 86 95 100
 1 2 4 6 9 13 15 18 22 25 27 30 32 48 49 51 54 55 59 60 64 66 68 72 74 77 78 79 81 84 89 94 95
 1 3 4 14 16 17 26 35 38 46 55 59 63 74 76 77 78 79 80 84 87
 1 4 5 14 16 27 31 33 42 51 54 61 63 65 67 69 71 76 77 78 84 93
 1 14 18 28 31 39 41 55 63 64 67 69 77 78 87 94
 1 4 10 12 22 28 32 34 35 49 51 52 55 63 64 66 74 77 79 80 84 87 101
 1 19 22 23 25 34 39 48 49 51 52 55 72 76 77 78
 1 4 5 11 23 30 35 45 51 52 55 56 60 74 77 78 79 84 97
 1 2 4 6 9 11 13 15 18 23 25 27 30 32 34 43 44 48 51 52 55 56 60 63 64 66 68 72 77 78 79 81 83 85 86 87
 1 2 4 5 7 9 11 13 15 17 19 21 23 25 30 31 33 42 56 60 64 68 72 74 78
 1 3 4 5 8 10 11 14 16 20 22 26 29 35 49 51 55 65 69 71 73 74 76 77 78 79 84 95 97
 1 3 5 8 11 14 16 17 23 29 31 41 52 54 63 65 69 74 77 78 82 84 88 93
 3 4 5 10 11 14 16 17 20 21 23 31 33 35 38 43 51 54 65 67 69 74 77 78 79 80 81 84 87 88
 1 8 10 11 20 22 27 29 32 34 36 45 53 55 66 74 77 79 89 98
 2 4 6 7 9 13 15 18 22 27 30 32 34 36 45 49 55 60 64 68 70 72 75 77 78 79 81 83 85 87 89 95 98
 1 3 4 5 10 14 16 17 20 22 23 28 31 41 46 48 55 61 63 65 67 69 74 76 77 78 84
 1 3 5 11 14 22 23 33 36 46 48 49 55 74 78 84 87
 1 2 4 18 22 23 27 30 32 34 62 68 70 77 78 84
 1 4 36 38 45 51 55 59 63 68 74 77 78 79 87 98
 1 4 7 15 19 23 25 30 44 51 55 60 64 68 70 72 77 78 79 83
 4 6 18 20 22 27 32 34 48 52 53 54 59 66 68 74 77 79 80 83 86 93
 2 11 13 22 30 32 34 48 55 66 68 72 74 77 79 80 83 85 87
 2 4 6 9 12 22 32 40 50 57 58 63 66 68 72 74 77 79 80
 2 4 13 18 20 22 27 30 32 34 35 36 49 51 52 55 68 72 77 79 94
 1 4 5 7 14 15 17 23 25 28 30 35 39 41 46 55 63 67 72 74 76 78 84 88 97
 6 9 13 15 22 27 35 36 49 53 55 56 68 72 74 77 78 79 81 84 86 89 98 101
 1 7 9 19 25 27 30 32 48 52 55 63 64 66 68 74 76 77 79
 0 2 6 11 13 16 18 20 22 24 27 30 32 34 35 37 45 49 51 53 55 60 64 66 68 74 77 79 86 91
 2 4 6 9 11 13 27 30 32 36 37 45 48 49 51 53 55 66 68 72 74 77 79 81 85 95 96 102
 4 5 11 20 23 27 48 55 59 60 70 75 79 80 86
 1 8 10 14 18 20 22 24 28 30 34 40 43 47 48 55 58 59 61 66 71 76 77 79 80
 1 6 11 18 27 32 36 51 53 55 62 64 66 68 74 77 79 80 93 95 101
 1 4 5 7 9 11 14 15 19 21 23 25 31 33 44 48 54 60 63 68 72 75 77 78 84
 1 4 5 11 21 23 25 31 33 38 43 54 60 63 65 70 74 75 77 84 93
 1 3 4 5 8 10 11 14 16 20 26 28 29 33 44 54 56 60 65 67 69 70 73 74 77 78 84 88
 2 6 9 15 18 19 22 30 32 34 36 43 45 51 55 59 62 66 68 72 74 77 79 80 101
 2 4 7 9 15 17 25 30 48 54 55 63 64 66 68 72 74 77 80 83
 1 2 4 8 12 18 22 30 32 34 40 50 57 58 59 64 66 68 74 77 79 80 92 99
 1 2 5 7 9 13 15 17 19 21 23 25 30 33 42 49 51 60 64 67 68 70 72 75 77 78 79 84
 1 6 10 12 22 24 30 32 34 40 47 58 61 64 68 76 77 79 80 84 99
 1 3 4 7 10 14 17 23 28 31 41 46 55 63 67 69 72 76 78 84
 2 4 6 7 9 13 15 18 22 25 27 30 32 34 36 45 48 49 51 55 64 66 68 74 77 79 86 87 95 98 101
 1 2 4 7 9 11 13 15 19 21 23 25 27 30 31 33 36 51 52 55 60 62 64 68 70 72 74 75 77 78 79 81 83 87 93 95 98
 4 10 22 27 30 32 34 48 55 59 60 63 65 74 77 79 80 85 91 95
 2 6 8 10 12 13 20 22 24 32 34 40 57 59 64 66 68 74 77 79 80 85 92 99
 1 3 5 8 11 14 20 22 48 54 55 63 65 67 74 76 78 81 84 94 96
 1 5 9 15 17 19 23 30 51 62 68 70 72 74 77 79 84 88 90
 1 2 4 6 15 18 22 30 32 34 42 56 64 66 68 70 74 77 78 86 90
 1 4 6 22 34 43 45 46 51 52 55 63 74 77 78 79 82 84 87 102
 1 4 5 8 10 11 14 16 21 23 27 29 31 38 40 43 47 48 50 55 57 59 63 70 72 74 75 77 79 80 82 88 92 93 102
 1 5 11 16 23 26 29 31 33 36 39 48 55 60 63 67 69 70 74 75 77 78 83 87 88 93 98
 1 4 7 9 15 19 25 30 32 44 48 51 55 60 64 68 70 72 75 77 78 79 83 89 94 96
 7 18 22 24 32 34 35 40 47 55 57 77 79 80 81 99
 0 2 4 6 8 10 16 18 20 22 24 26 27 30 32 34 35 37 49 51 53 55 63 64 66 68 73 77 78 79 82 85 91
 1 4 5 9 15 19 23 25 30 31 35 45 51 55 56 59 60 63 68 70 72 74 75 77 79 81 86 87
 1 3 4 5 10 14 20 23 30 31 48 51 55 56 65 67 75 77 78 84
 4 20 22 23 30 34 35 38 48 51 52 55 63 65 69 77 78 79 84 87 89 97
 1 2 4 8 10 11 20 26 29 45 49 55 56 60 65 66 69 73 78 93
 10 22 24 26 27 34 48 50 55 57 60 63 66 68 73 74 77 80 85 91 92 95
 2 4 8 10 13 18 20 22 26 27 32 34 35 43 45 54 60 64 66 68 70 74 77 79 80 87 92 95 96
 1 2 4 6 9 11 15 18 19 21 25 27 48 50 55 58 59 60 64 67 68 72 77 80 81 83
 1 3 4 5 11 14 17 21 28 31 33 35 36 41 42 44 45 51 52 55 63 65 67 69 74 77 78 79 87 88 93 96 98
 1 4 5 8 10 14 16 20 23 27 31 61 63 65 67 69 70 74 77 78 84
 2 13 18 22 34 40 43 48 54 59 60 64 68 72 74 77 80 83 87 89
 1 4 8 10 11 16 20 21 23 26 29 31 33 38 54 56 63 65 67 69 73 74 77 78 84 93
 1 3 4 5 8 10 14 16 20 21 23 26 28 29 31 33 39 63 65 67 69 73 74 77 78 84
 1 3 4 10 11 21 25 27 31 33 39 49 51 52 54 55 56 65 67 68 71 74 76 77 78 79 84 93 96 101
 0 2 6 10 11 13 16 18 20 22 24 26 27 30 32 34 35 36 37 49 51 53 55 59 66 68 73 74 77 79 80 82 84 87 91 97 101 102
 1 4 5 8 10 14 28 30 34 61 63 65 70 75 77 78 84
 1 3 4 5 8 10 11 14 16 20 21 23 27 29 31 33 41 54 56 60 67 70 73 74 77 78 93
 1 4 5 11 21 23 31 38 48 49 51 52 56 60 63 70 74 75 77 79 81 87 96
 4 11 21 31 39 48 49 51 52 55 64 68 74 77 78 102
 1 4 5 14 17 25 28 30 38 43 51 55 63 65 69 72 74 77 78 84 86 87
 1 3 4 10 14 16 20 22 48 54 63 65 67 69 73 74 77 78 82 84
 1 4 5 7 9 15 21 23 25 30 31 33 42 43 51 55 60 72 74 77 78 81 83 86 89
 1 14 28 30 48 51 55 60 76 77 78 79 84
 1 2 4 6 11 13 15 18 22 27 30 32 35 48 50 53 55 59 60 64 68 70 77 78 79 80 87
 0 2 11 13 18 20 27 40 43 50 52 53 54 57 60 62 64 66 68 70 72 74 77 79 80 81 83 87 92 95
 1 3 4 5 14 16 20 26 29 39 51 52 55 63 65 69 73 74 77 79 84 93
 1 3 5 8 14 17 20 23 31 36 38 48 52 55 63 65 67 69 72 76 77 78 79 80 84 92
 1 3 4 5 11 14 17 23 25 31 33 36 39 43 45 46 48 49 51 52 55 56 63 65 74 77 78 79 80 84 87 93 102
 2 4 13 30 32 35 52 55 63 64 68 70 77 79 81 87 89
 2 4 6 8 10 11 16 20 21 26 29 32 49 51 52 53 55 60 64 66 68 71 73 74 76 77 79 81 85 101
 1 2 6 10 12 14 20 22 24 26 28 30 32 34 40 47 58 61 62 76 77 79 80 84 99
 1 2 4 5 7 9 11 13 15 19 23 25 27 30 42 51 60 64 68 70 72 74 78 81 83 85 86
 2 4 6 9 11 13 15 18 20 23 27 30 32 49 51 54 56 60 64 68 70 75 77 78 79 80 83 87
 1 4 6 7 12 14 15 19 23 25 30 32 34 43 51 52 54 59 66 68 70 72 77 79 80 84 86 96
 1 3 4 8 10 14 16 20 22 26 39 46 48 55 56 61 65 71 73 74 76 77 78 79 84
 1 3 10 14 28 31 39 41 48 51 55 63 65 67 69 74 77 78 96
 1 3 7 10 12 14 32 42 48 51 55 59 65 77 78 79 80 84
 2 4 6 13 18 22 27 32 34 35 45 49 51 55 60 64 66 68 74 77 79 91
 6 10 12 14 16 22 24 26 28 32 34 41 45 46 55 61 63 71 73 76 77 78 84
 1 4 8 10 16 20 31 45 51 55 56 76 77 78 79 80 84
 3 4 10 30 38 43 48 55 68 72 74 77 78 79 80 86 87 90
 2 8 11 16 22 27 29 49 51 53 55 60 63 70 75 77 78 79 84 87 93 95
 2 8 10 23 30 40 47 58 60 62 64 68 72 74 77 79 80 83 88 99
 0 8 10 16 18 20 22 24 26 27 32 34 37 49 51 53 55 59 65 66 71 73 74 76 77 79 82 84 91 92
 1 2 4 9 11 27 44 48 49 51 54 68 78 81 95 96
 1 6 8 10 12 18 20 22 26 32 34 40 47 57 58 59 62 73 74 77 79 80 84 99
 1 6 8 10 14 16 20 22 26 29 32 34 35 45 49 51 52 55 61 73 78 84 97
 1 2 4 22 23 27 34 40 47 50 58 61 64 68 70 72 74 77 79 80 85 87 99
 0 8 10 13 16 18 20 22 24 26 27 32 34 40 47 57 58 64 68 73 74 77 79 80 84 99
 2 4 6 12 18 22 24 26 27 30 32 34 37 45 48 49 51 55 61 63 64 68 73 77 79 84 91 95
 1 2 4 6 7 9 11 13 15 18 19 25 27 30 32 43 44 48 51 52 55 60 64 66 68 72 74 77 79 81 83 94 95 96 102
 1 3 5 14 19 21 23 31 55 56 65 67 78 84 88 90 93
 1 2 4 6 8 9 12 18 22 32 34 63 64 68 70 72 78 83
 1 12 14 22 28 30 32 34 39 64 68 71 76 77 78 84
 2 13 15 18 23 27 30 42 49 51 52 55 78 79 85 89 95
 1 3 4 5 11 16 17 23 25 27 31 33 39 45 46 51 55 63 65 67 69 70 74 77 78 84 88 102
 1 4 5 8 10 17 23 28 30 31 41 61 62 67 70 74 76 77 78 84
 1 2 4 7 9 13 15 18 19 25 30 49 52 55 59 60 63 64 66 68 70 72 74 77 79 80 81 83 85
 1 4 5 7 9 13 15 17 19 23 25 30 34 36 48 49 51 52 55 60 63 67 68 70 72 75 77 78 79 81 87 94 96 98
 2 6 7 9 11 13 15 18 22 25 27 30 32 34 35 45 52 55 60 64 68 70 72 74 77 78 79 82 83 85 87 93 95 97 101
 1 2 4 9 15 18 21 25 30 43 48 50 54 59 71 72 74 76 77 79 80 96
 1 3 4 5 10 14 17 23 25 30 61 65 67 74 77 78 84 88
 1 4 11 14 23 30 35 45 46 49 51 52 55 61 77 78 79 84 100
 2 4 6 8 13 18 20 22 27 30 32 34 45 48 49 51 52 53 54 60 63 64 66 68 70 72 75 79 83 87 95 100 101
 1 2 4 6 7 9 11 13 15 18 19 25 27 30 55 56 60 64 68 70 72 75 77 78 83 93
 2 11 13 18 20 22 27 32 34 64 68 70 74 77 78 90
 1 5 10 11 14 17 23 29 31 33 41 46 54 60 63 65 67 69 70 72 74 77 78 84 88 93 94
 4 6 10 20 22 24 26 30 32 34 45 49 51 52 55 60 66 68 77 78 79 82 87 100 101
 0 6 8 10 16 20 22 26 29 32 34 61 63 65 69 71 73 76 77 79 82 84
 2 6 9 13 15 18 22 23 25 27 30 32 34 42 49 51 56 63 64 66 68 70 78 90
 1 5 7 9 12 14 15 17 19 23 25 28 30 51 55 72 78 79 83 90
 1 14 17 25 33 36 51 55 56 60 63 65 67 69 70 75 78 84 87 88 93 102
 1 2 5 8 11 17 20 22 23 27 30 32 39 41 46 55 56 60 63 67 68 70 74 75 77 78 84 87 93 95
 8 10 12 18 22 27 30 32 34 40 47 58 59 61 64 66 68 70 72 74 77 79 80 87 99
 1 8 10 14 26 30 35 43 45 51 52 55 59 63 65 77 79 80 87 90 97
 4 17 22 23 34 48 51 54 65 72 77 78 79 85 89 92
 1 2 6 13 22 25 27 32 36 43 45 48 51 55 56 59 60 62 64 68 70 72 74 77 78 79 85 87 92 94 96 100
 2 13 22 34 55 57 60 66 68 74 75 77 80 83 85
 1 5 10 16 17 40 47 57 61 63 65 69 77 80 84 99
 6 10 16 18 20 22 24 26 30 32 34 35 45 51 55 70 73 77 79 80 84 87 97
 2 4 6 11 13 22 27 32 34 36 45 49 51 53 55 61 63 68 73 76 77 79 81 84 87 98 101
 1 2 4 6 12 13 18 22 23 27 32 34 35 40 47 48 49 50 55 59 60 64 66 68 70 72 74 75 77 79 80 83 85 87 92
 1 2 6 7 9 13 15 18 19 22 23 25 27 30 32 34 48 49 51 52 55 60 63 64 68 70 72 75 77 78 79 83 85 89 95
 1 4 5 12 22 23 28 30 34 64 68 70 75 77 78 84
 1 17 22 30 34 40 50 58 59 64 74 77 79 80 99
 1 3 6 8 10 12 14 20 22 26 28 32 34 39 46 55 61 63 65 67 69 71 73 76 77 78 84 88
 1 2 4 7 11 14 15 19 22 23 30 34 42 48 55 56 60 63 67 74 77 78 81
 0 2 4 6 8 13 18 20 22 27 32 34 36 45 49 51 55 60 64 66 68 70 74 75 77 79 84 87
 1 3 5 10 11 14 17 20 21 23 28 31 33 38 46 55 61 63 65 67 69 77 78 82 84 88 90
 1 3 4 10 14 16 26 28 31 54 63 65 67 69 70 72 77 78 84
 8 10 11 16 20 27 29 45 52 53 55 65 74 77 78 79 82 84 101
 0 2 4 6 8 10 16 18 20 26 32 35 45 48 49 51 53 54 68 70 74 77 79 85 87 89 97 101
 0 2 6 8 10 11 13 18 20 22 24 27 30 32 34 50 55 57 64 66 68 77 79 85 91 92 93 95
 1 6 7 9 15 18 30 32 34 39 51 55 63 64 68 74 77 78 79
 1 5 10 17 19 22 28 30 42 46 49 51 55 63 65 67 69 77 78 84
 1 2 7 9 13 15 19 23 25 27 30 55 60 64 68 70 72 78 102
 1 4 6 17 30 32 36 46 51 55 65 67 77 78 84 96 98
 6 8 10 16 20 22 24 26 32 34 35 37 49 51 55 63 65 73 78 79 97
 1 4 9 12 14 22 23 28 30 32 39 52 55 56 60 68 70 72 75 77 78 81 84 86 87
 1 5 8 11 14 16 17 21 23 29 31 33 51 54 56 60 62 71 74 76 77 78 79 84
 1 2 6 7 9 12 15 18 19 22 25 30 32 34 35 43 49 51 55 56 60 64 68 72 74 77 78 79 80 81 86 87
 1 2 4 7 15 18 22 25 30 32 34 40 43 50 54 57 59 60 72 74 77 79 80 83 86 90 99
 6 11 16 26 27 29 48 49 51 54 60 68 70 77 79 82 93 95
 1 4 9 15 22 23 30 41 46 48 55 61 67 73 74 77 78 84 93
 1 11 14 16 23 29 31 44 48 51 54 56 63 67 70 77 78 88 96
 1 4 5 23 31 44 48 51 55 60 70 72 74 75 77 78 79 90 95 96
 1 7 9 15 19 21 23 25 30 31 33 44 48 51 54 60 63 66 70 72 77 78
 4 6 8 10 12 16 20 22 26 34 40 48 50 55 58 63 74 76 77 80 99 102
 1 3 4 5 8 10 14 16 17 20 26 29 31 41 46 54 56 63 65 69 70 73 74 77 78 84 88
 2 4 6 12 13 15 18 22 27 30 32 34 44 48 55 58 59 60 64 66 68 70 72 75 77 79 80 81 83 85 87 91
 1 2 9 12 22 34 40 50 57 58 64 66 68 72 74 77 79 80 83 85 99
 4 6 7 9 11 15 23 25 30 32 34 36 45 49 51 52 55 68 72 74 77 78 79 84 98
 6 8 10 12 16 18 20 22 24 26 32 34 45 47 51 52 55 57 58 70 79 101 102
 2 4 8 11 13 20 26 27 30 43 48 51 52 55 59 60 62 66 68 70 74 75 77 78 79 80 85 87 94
 1 5 8 10 17 20 22 23 30 31 34 40 59 63 65 67 70 72 74 77 80 84 88 90 99
 1 4 5 8 17 20 29 31 33 42 56 60 65 67 69 70 74 78 88
 1 4 5 8 14 17 20 23 27 31 40 47 55 56 57 65 70 72 74 75 77 79 80 88 99
 0 4 6 8 10 13 18 20 22 24 26 27 32 34 35 45 49 51 55 62 64 66 68 74 77 79 80 84 87 91 95
 1 4 6 7 9 14 15 19 22 23 36 45 46 48 49 55 63 67 72 77 78 81 84 98
 1 4 5 12 15 18 19 22 32 34 40 50 57 58 63 64 68 70 72 74 75 77 80 85 86 90 99
 1 3 5 11 17 23 26 31 33 35 49 51 52 55 59 60 63 65 70 74 75 77 79 80 93 97
 8 10 16 17 20 26 29 34 42 51 55 63 65 69 73 78 82 84 85 86 89
 1 9 15 18 19 25 27 30 45 48 49 51 53 55 56 60 68 71 72 74 76 77 79 94 100
 1 4 5 7 12 17 23 28 30 49 50 57 72 74 77 79 80 88
 1 4 8 10 12 20 22 30 32 34 40 47 58 59 74 77 79 80 82 84 88 99
 1 3 5 10 12 14 16 28 34 40 43 56 65 67 69 74 76 77 79 80 84
 5 11 17 23 27 49 55 60 63 65 70 72 75 77 79 93 95
 0 2 4 6 8 11 13 15 18 20 25 27 30 32 34 49 51 52 55 60 65 66 68 70 72 74 75 79 82 84 87 91 93 95 102
 1 3 12 16 20 26 30 32 34 45 51 55 57 64 68 71 77 79 80 84 100
 1 3 4 5 14 28 31 45 46 55 61 63 65 67 69 71 76 77 78 84
 0 2 4 6 10 13 18 20 22 24 26 27 30 32 34 45 48 51 55 64 66 68 73 77 79 84 95 101
 4 8 10 11 16 20 26 29 38 43 48 49 50 52 54 59 67 73 74 77 78 79 80 81 93 95
 1 3 4 5 7 10 11 14 17 21 23 28 31 33 35 46 51 55 56 63 65 67 69 78 81 88 94 102
 1 3 4 5 10 11 14 16 17 20 22 23 26 28 29 31 34 36 38 39 45 46 48 51 55 63 65 67 69 74 77 78 79 84 87 88 96
 2 6 7 9 11 13 15 25 30 34 48 49 50 55 58 60 64 66 68 72 74 77 79 80 83 85 92 95
 5 8 10 11 18 20 35 45 49 53 55 59 63 77 78 79 80 84 97
 1 2 20 22 34 40 43 50 55 58 59 60 68 70 75 77 79 80 83 85 87 90 99
 0 6 8 10 16 18 20 22 24 26 27 30 32 34 37 50 55 57 58 59 66 68 73 74 76 77 79 80 86 91
 0 2 4 6 8 10 12 16 18 20 22 24 26 27 32 34 35 37 45 49 51 68 73 76 79 84 91 100
 0 4 6 8 10 11 20 24 26 27 34 35 49 51 52 54 68 74 77 79 84 93 97
 1 11 14 18 21 35 38 43 49 51 54 63 67 74 76 77 79 84 93
 1 3 4 5 10 11 14 17 20 21 23 31 33 42 54 56 63 65 67 69 70 74 75 77 78 93 95
 10 16 18 20 22 24 26 41 46 54 61 67 71 73 74 76 77 78 82 84
 2 6 8 10 18 20 26 30 32 34 36 37 45 52 55 64 66 68 70 77 79 84 86 87 93
 4 6 13 30 32 35 45 51 52 53 55 63 68 74 77 79 81 87 89 97 102
 1 2 4 6 7 9 11 13 15 18 23 25 30 34 44 48 49 51 52 55 56 60 62 64 66 68 70 72 74 75 77 78 79 81 83 85 86 87 93 95 96
 7 22 27 32 35 40 48 55 57 59 61 68 77 78 79 80 84 92 97 99
 1 2 4 8 9 11 13 18 20 23 44 51 52 55 63 64 68 70 77 78 81 83 85 87 93 95 102
 2 13 27 47 48 50 55 59 66 68 74 77 79 80 87 92 93 95
 3 8 10 16 18 20 22 26 29 32 34 65 67 69 73 74 77 78 84 90
 0 2 6 8 10 11 13 16 18 20 22 26 27 32 34 37 45 49 51 52 53 55 64 66 68 74 77 79 82 87 91 95 101
 1 4 5 14 15 17 23 25 48 55 60 63 67 69 70 72 75 77 78 84 87 96
 4 8 10 11 13 16 20 22 27 29 34 35 36 37 45 49 51 52 55 65 70 74 77 78 79 84 86 87 88 89 90 97 98 100 101 102
 1 3 5 11 14 17 20 23 38 55 59 63 74 76 77 80 84
 1 4 5 8 10 12 14 16 17 20 22 26 34 45 47 52 57 59 65 67 69 77 78 79 84 88
 1 12 18 22 24 28 30 32 34 36 45 49 51 52 55 63 77 79 100
 0 2 4 6 8 10 11 13 16 18 20 22 24 26 27 30 32 34 37 45 48 49 51 55 61 63 64 66 68 73 74 76 79 82 87 91 93 95
 3 6 8 10 14 16 18 20 22 24 26 32 34 35 45 51 52 53 61 66 73 77 78 84 100
 1 2 4 7 9 15 19 21 23 25 33 36 48 49 51 52 55 56 59 60 64 66 68 70 72 74 75 77 79 80 83 87 93 98
 5 8 10 11 17 20 23 26 27 29 35 42 51 53 54 59 60 63 65 66 73 74 78 79 80 82 88 92 93 94 101
 1 4 7 11 15 19 23 30 38 51 54 59 63 74 77 78 79 81 90 95 101
 0 2 6 8 10 12 13 18 20 22 24 26 27 30 32 34 37 45 49 51 53 55 66 68 74 77 79 84 87 92 101
 0 2 6 8 13 18 22 24 26 27 32 34 40 47 57 58 60 66 68 74 77 79 80 85 99
 2 6 13 15 18 22 27 30 32 34 40 49 50 59 64 66 68 77 80 83 85 99
 4 8 10 16 20 26 35 55 59 63 69 74 77 78 79 80
 1 3 5 8 10 12 22 23 34 40 47 57 63 65 67 69 74 77 80 84 88 99
 2 9 11 13 15 18 25 27 30 36 45 48 53 55 60 65 68 70 72 75 77 78 79 81 84 85 87 89 91 95 98
 1 3 4 5 14 20 34 35 45 49 51 52 55 61 63 65 69 74 77 78 79 84 100
 5 8 10 11 16 17 20 22 26 29 31 35 36 43 45 46 49 51 55 56 65 73 74 77 78 79 80 84 88 89 93 97 102
 0 2 4 6 8 10 11 13 16 18 20 22 24 27 32 34 49 51 52 53 55 64 66 68 73 77 79 84 91 93 95
 4 6 15 18 30 32 36 49 51 53 55 63 68 70 77 79 87
 1 3 4 5 14 17 55 56 65 67 69 77 78 84 89 93
 2 8 11 16 22 27 48 49 51 54 55 60 63 66 68 70 75 77 78 83 87 93 95 96
 2 6 7 9 13 15 18 19 22 23 25 27 30 32 35 45 49 51 52 55 60 64 68 70 72 74 75 77 79 81 85 100
 6 8 10 16 18 20 22 24 30 32 34 35 36 37 43 45 52 55 63 67 68 74 79 80 81 84 86 87 95 100
 1 2 6 7 13 15 18 24 30 32 34 43 48 55 59 60 63 64 68 70 72 75 77 79 80 83 85
 1 4 11 14 22 34 46 60 63 65 69 77 78 84 93
 2 4 6 13 18 22 24 25 27 30 32 34 45 49 51 55 63 64 66 68 74 77 79 84 87
 1 4 7 12 22 32 34 36 51 55 63 65 77 78 79 84 98
 1 4 7 9 11 15 19 21 25 27 30 31 33 43 48 54 62 72 77 78 79 80 81 88 93
 2 4 6 8 10 13 18 20 22 24 27 32 34 35 36 37 51 55 59 68 71 73 74 76 77 79 84
 1 6 23 30 43 49 51 52 55 66 68 70 72 74 75 77 78 79 82 83
 1 10 11 16 21 24 26 27 31 46 49 51 55 73 74 76 77 78 84 93
 1 2 4 6 7 9 11 13 15 18 25 27 30 32 49 56 64 68 70 72 74 75 78 82 83
 1 4 5 14 16 17 23 25 31 35 45 48 49 51 55 56 60 70 74 75 77 78 84 87 90 96 97
 1 3 4 5 7 11 14 17 19 23 31 33 42 48 51 54 60 63 67 68 70 72 74 75 77 78 80 83 93
 1 2 4 11 13 21 23 25 27 33 36 51 55 60 66 70 72 74 75 77 78 79 93 102
 1 4 5 11 20 23 27 35 38 45 48 49 52 54 63 65 67 70 74 77 78 79 84 90 93 94 96 97
 3 4 8 10 12 14 16 20 22 26 34 40 47 61 63 65 67 69 71 73 74 76 77 80 84 99
 1 3 5 8 10 14 16 17 20 22 23 26 51 61 67 69 74 77 78 84
 2 4 6 8 10 13 16 18 20 22 24 26 30 32 34 35 45 49 51 55 61 63 68 73 78 79 81 84 87 91 96 97
 1 3 4 10 14 16 20 21 24 29 35 51 52 55 61 63 65 69 71 73 74 77 78 79 84 97
 2 6 8 10 12 13 16 18 20 22 24 26 30 32 34 37 45 51 53 61 63 66 68 76 77 79 84 100
 0 2 6 18 20 22 24 26 27 32 34 37 48 51 55 60 63 64 66 68 77 79 87 91 93
 1 2 4 11 18 21 23 25 27 33 38 49 51 52 54 60 66 74 77 79 86 87 93 95
 1 3 4 5 10 11 14 16 23 29 31 33 39 46 49 51 55 63 65 67 69 74 76 77 78 79 84 88 93
 1 3 4 5 8 10 11 14 20 23 27 31 39 48 49 54 59 60 63 65 67 69 72 74 77 78 81 93 96
 1 4 5 10 11 14 16 17 28 29 31 33 46 48 49 55 65 67 69 74 77 78 79 82 84
 1 3 4 5 10 14 16 17 23 41 54 61 63 65 67 69 74 76 78 84
 1 8 10 12 16 18 20 22 26 34 40 47 54 61 65 74 76 77 79 80 84 92 95
 1 4 5 17 21 25 33 48 49 63 66 70 72 75 77 79 82 89 93 96
 1 3 4 5 11 16 17 21 23 27 29 31 33 41 43 48 49 60 63 65 67 69 74 77 78 79 81 88 96
 1 18 48 50 52 54 71 76 77 78 79 81 84 94
 0 2 6 13 18 19 22 27 30 32 34 50 54 55 57 58 59 60 63 64 66 68 74 77 79 80 83 85 95
 0 2 4 6 8 10 16 18 20 22 24 26 27 32 34 37 45 49 51 52 53 61 66 68 71 73 76 77 79 84 91 95
 1 3 4 5 11 14 16 17 21 23 31 42 44 48 51 55 61 63 65 69 70 77 78 79 88 93 96
 7 19 30 36 46 49 51 55 66 77 78 81 84 95 98
 1 4 6 10 12 16 18 20 22 28 30 32 34 35 45 51 52 53 55 61 71 77 78 79 84 100
 1 4 6 10 14 18 20 32 34 35 36 45 51 53 55 65 66 77 78 79 86 100 101 102
 8 10 13 18 20 22 26 34 35 45 51 55 60 63 68 70 74 77 79 80 85 87 93
 1 3 4 5 7 19 23 25 30 33 44 52 55 65 69 72 77 78 79
 1 4 5 10 21 23 44 48 51 55 63 65 67 69 70 75 77 78 93 94 96
 8 10 12 14 16 20 22 24 32 34 48 50 55 59 63 66 68 74 77 79 80 81 85 96
 1 2 4 8 20 22 30 32 34 68 70 72 74 77 78
 0 6 8 10 11 16 18 20 22 24 26 27 29 32 34 37 45 49 51 52 53 55 61 62 66 68 71 73 74 76 77 79 82 84 92 93 100
 6 20 27 32 34 35 45 49 51 52 53 54 55 62 64 68 70 72 77 79 97
 1 2 4 7 9 13 15 19 22 23 25 27 30 49 51 56 64 66 68 70 72 77 78
 1 5 11 17 21 23 25 31 33 44 50 54 56 60 63 69 74 77 78 79 80 84 88
 0 4 6 8 10 11 13 16 18 20 22 26 27 32 34 37 45 51 53 55 66 68 73 74 76 77 79 84 91 95
 6 8 10 16 20 22 32 34 35 37 49 51 53 55 59 66 68 70 73 77 79 84 87 97
 1 2 4 9 15 19 22 23 26 28 30 32 34 35 45 49 51 52 53 55 63 77 79 80 82 97 102
 1 2 4 6 7 9 11 13 15 23 25 27 30 32 36 44 49 51 55 60 64 66 68 72 77 79 83 85 86 87 98
 1 4 7 9 15 17 19 23 25 30 48 49 51 52 54 71 72 76 77 78 79 81
 0 6 8 10 16 20 22 24 26 32 34 35 37 45 49 51 55 61 63 66 68 71 73 74 76 77 78 79 82 84 100
 1 4 5 11 17 21 23 25 27 30 31 33 38 55 56 60 65 68 70 72 74 75 78 84 86
 1 2 6 7 9 13 15 18 22 25 30 32 34 40 50 58 59 64 68 72 74 77 80 81 99
 1 2 12 15 18 22 23 27 30 34 36 45 49 51 55 60 66 68 70 74 76 77 79 81 98
 1 3 4 5 7 11 14 17 19 21 23 25 31 33 42 51 54 55 56 63 65 67 69 70 72 74 75 77 78 88 93
 2 7 12 18 19 22 30 32 34 36 45 48 51 55 60 68 77 84 86 98
 1 4 6 18 21 23 25 30 36 38 43 54 55 60 65 66 68 72 74 77 79 80 81 84 93
 1 23 42 46 48 49 51 53 55 56 74 77 79 96
 1 2 4 7 9 12 13 15 18 22 30 32 34 36 45 51 55 60 66 68 70 72 77 79 84 86 87 98
 1 4 5 7 9 11 15 17 19 21 23 25 30 31 33 46 48 51 54 59 60 68 70 72 74 77 78 79 80 87 90 94
 1 2 4 6 7 9 13 15 18 19 21 23 25 27 30 49 51 55 60 63 68 70 72 74 75 77 79 87 95
 1 2 4 7 15 23 25 30 51 55 56 68 70 72 75 77 78 81 96
 1 3 4 5 14 16 17 21 31 33 42 46 55 63 65 67 69 74 77 78 82 84 88
 1 4 8 10 14 20 26 32 35 49 51 52 55 59 63 78 79 81 84 87 97
 2 6 8 10 16 18 20 22 24 27 32 34 36 37 45 49 51 55 63 74 76 77 79 84 98 102
 1 22 55 59 67 77 78 80 84
 0 6 8 10 16 18 20 22 26 32 41 45 46 49 51 55 68 73 74 77 78 82 84 100
 1 10 12 18 20 22 24 26 30 32 34 40 47 58 59 64 66 68 72 74 77 80 83 87 99
 1 2 4 6 9 15 19 21 25 30 33 44 51 52 55 60 68 72 74 77 78 79
 1 5 15 17 19 22 23 28 31 38 43 46 54 61 64 67 76 77 78 84
 0 2 4 6 10 18 20 22 24 26 32 34 35 36 51 55 63 64 66 68 71 76 77 79 84 91
 1 4 9 12 13 15 18 22 30 32 34 36 45 48 49 51 52 55 59 64 68 74 77 79 80 84 87 98
 1 7 9 12 15 17 22 30 39 41 47 55 77 78 80 81 84 102
 1 2 4 6 9 13 15 18 19 22 25 30 32 44 55 59 60 64 68 70 72 77 80 83 94
 1 2 4 5 7 9 11 15 19 21 23 25 31 33 43 44 48 49 51 54 56 67 68 72 74 77 78 81 84 93
 0 2 6 11 13 18 22 27 32 34 35 36 45 48 51 53 55 60 68 72 74 77 78 79 84 87 96 100
 1 4 6 7 12 22 28 30 32 34 36 45 48 51 55 59 60 63 70 72 77 78 79 81 84
 1 4 5 7 9 11 14 15 17 23 25 30 38 51 52 55 59 60 63 70 72 77 79 80 84 90
 1 3 4 10 11 14 20 23 33 35 38 45 48 55 61 65 67 74 76 77 79 84 87 100
 43 45 48 49 51 52 53 55 59 61 66 71 73 74 76 77 79 80 84 96
 1 3 4 5 11 17 21 27 31 33 44 48 51 55 56 60 63 65 67 70 75 77 78 81 96
 1 3 26 30 34 42 51 56 63 69 74 78 84 88
 1 4 5 7 12 14 17 19 22 23 30 32 34 35 48 51 55 77 79 87 89 96 97
 2 10 11 16 18 20 24 26 27 32 36 51 53 55 71 73 76 77 79 82 95 98 101
 1 2 4 13 25 30 32 35 43 45 49 51 55 60 64 66 68 70 74 77 84 87 95 96
 0 3 6 8 10 16 18 20 22 24 26 27 32 34 35 37 51 54 61 62 64 68 71 73 76 77 78 79 80 84 91 97
 4 10 13 16 18 22 29 34 42 51 61 63 64 68 74 78 79
 1 4 5 10 11 16 17 23 25 27 31 41 65 67 74 77 84 88 90
 1 3 5 8 11 14 16 17 20 21 29 31 48 55 56 61 63 65 67 69 71 76 77 78 84 93
 1 3 4 5 14 17 21 23 28 51 52 55 61 63 67 77 78 79 81 84
 8 13 18 20 22 27 30 34 62 64 66 68 70 74 78
 2 4 6 7 9 13 15 18 19 22 25 30 32 34 43 45 48 51 55 60 63 64 66 68 72 77 79 80 81 83
 1 3 4 10 11 14 23 29 31 39 41 49 51 55 63 71 74 76 77 78 84 93
 1 4 22 25 30 32 34 36 38 48 49 51 52 55 70 72 74 75 77 79 84 87
 1 3 4 5 10 11 14 36 38 48 52 55 65 74 77 80 86 87 90 94 96 98
 3 5 8 10 11 14 16 26 28 29 31 41 46 55 65 67 69 73 78
 1 4 7 9 15 18 19 23 25 30 36 43 45 48 51 52 55 60 62 68 70 72 75 77 78 79 81 84
 3 6 8 10 14 16 18 20 22 24 26 30 32 34 54 56 61 65 71 74 76 77 79 80 84 94
 1 4 5 15 17 23 52 63 65 70 72 74 76 77 79 84 88
 0 2 6 22 27 32 34 36 49 51 52 53 55 68 77 79 84 91 98
 8 10 16 20 26 32 34 35 49 52 54 55 59 63 65 69 73 76 77 78 79 92
 1 4 7 9 15 19 25 27 30 36 51 55 60 63 70 72 75 77 78 81 84 87 98
 2 9 13 15 23 25 30 33 43 45 48 51 52 55 56 60 68 70 72 75 77 79 81 85 94 96 100
 2 4 6 10 13 18 20 22 27 30 32 34 35 40 45 55 61 68 74 77 79 80 84 92 97
 1 16 18 20 43 55 56 59 63 71 74 76 77 79 80 84
 1 4 5 10 20 21 25 28 35 38 49 51 53 55 77 79 81
 1 2 4 6 11 13 18 22 27 30 32 34 35 37 45 49 51 55 64 66 68 70 74 75 77 79 87 100
 0 2 6 10 16 18 20 22 24 26 27 29 32 34 37 51 53 55 61 63 64 66 68 73 76 77 79 84 91
 4 6 8 10 11 18 20 22 24 27 30 32 34 45 51 55 61 68 76 77 79 84 91 93 100
 1 3 4 5 10 14 21 23 36 38 39 41 43 46 51 55 56 63 65 69 76 77 78
 1 2 6 7 12 13 15 18 19 22 25 30 32 34 43 45 49 51 55 60 64 68 77 79 81
 1 4 8 10 16 18 20 45 51 52 55 61 63 65 69 76 78 84 102
 1 3 5 10 12 14 16 20 22 28 34 40 50 54 57 58 59 65 69 74 77 79 80 84 87 88 92 99
 4 10 20 22 35 36 38 45 51 52 55 68 71 74 76 77 78 79 80 84 87 100 101
 1 22 26 28 30 34 35 45 49 51 55 60 62 64 66 68 70 74 77 78 81 85 87 100
 1 5 7 9 11 15 17 19 21 23 25 28 31 33 46 49 51 55 69 70 72 77 78 79 96
 4 7 9 12 13 15 19 22 23 25 30 32 34 35 45 49 51 53 55 60 64 68 70 72 74 77 79 80 87 89 101
 1 3 4 5 17 23 31 42 51 70 72 74 75 77 78 79 87
 1 4 8 12 20 34 40 44 55 58 61 68 72 74 76 77 79 80 82 92
 4 7 9 15 19 25 27 30 34 39 46 51 55 60 64 68 70 72 78 102
 1 2 4 7 11 21 30 33 44 50 54 59 68 77 79 80 83
 2 4 11 13 22 27 30 32 36 45 46 49 51 55 60 68 70 74 75 77 78 79 84 95 98 101
 1 4 5 11 15 17 23 31 40 43 46 48 50 55 58 63 76 77 78 79 80 84 87 88 90 99 102
 6 8 10 12 16 18 20 22 24 26 32 34 35 40 55 61 63 65 66 71 73 76 77 79 80 84 92 99
 1 2 4 16 46 49 51 53 55 70 74 75 77 78 79 81 84 87 89 101
 1 10 12 14 20 22 30 34 40 47 50 57 59 61 62 65 72 74 77 79 80 84 87 89 99
 1 6 7 9 15 19 30 43 48 49 52 55 64 66 68 72 74 77 79 80 83 92
 3 5 8 10 16 17 22 23 62 67 74 77 78 82 84 88
 1 4 5 11 14 20 23 28 30 35 49 51 52 54 63 77 78 79 84 87 93 97
 1 4 6 18 22 30 32 34 38 45 48 55 59 62 66 79 84
 1 10 14 17 22 35 45 49 51 53 55 63 74 77 79 87 97 101
 1 4 9 12 18 19 30 32 49 55 63 66 68 74 77 79 80 83
 1 4 10 11 14 16 17 20 28 29 31 36 48 51 55 61 65 71 73 76 77 78 79 81 98
 1 4 6 7 15 18 19 25 30 32 43 50 55 58 59 63 64 68 72 74 77 79 80 81 83 85 92 94
 1 3 4 5 10 14 15 17 23 28 30 31 43 45 48 49 51 55 70 74 77 79 84 88 90 96
